28.1043
0.974023
0.0260588
0.00714227
0.00321165
0.00342857
0.00262449
0.00279562
0.00346888
0.00191286
0.00209396
0.00195906
0.00228253
0.00334276
0.00169916
0.00198702
0.00183966
0.0024497
0.00114228
0.00269202
0.00177234
0.00176785
0.00209072
0.00229675
0.0022382
0.00166819
0.00122581
0.00185748
0.00223381
0.00162713
0.00190522
0.00141308
0.00280958
0.0025263
0.00311329
0.00228714
0.00130367
0.00166819
0.00213
0.00150982
0.00197928
0.00254337
0.00202593
0.00169657
0.00120674
0.00298063
0.00115809
0.00167806
0.00167521
0.00134095
0.00205634
0.001795
0.00167675
0.00255319
0.00154633
0.00295192
0.00191484
0.00145755
0.00331427
0.00412997
0.00204531
0.00174956
0.00118748
0.00122626
0.00133272
0.00161211
0.00148534
0.00268545
0.001894
0.00121338
0.00265261
0.000964887
0.00136978
0.00181418
0.00195492
0.00117088
0.0019961
0.00142325
0.00266153
0.000838808
0.00133343
0.00242021
0.00131189
0.0020021
0.000974859
0.00174169
0.00264016
0.00122365
0.00206499
0.00151371
0.00104436
0.00162078
0.00130481
0.0011077
0.00152698
0.00137181
0.000864414
0.00129164
0.00234375
0.00123134

