25.1171
6.32783
8.12822
6.41235
8.05358
7.55361
4.27949
4.38463
5.23497
3.06721
2.41297
3.56322
2.85183
2.31674
3.9659
0.0408706
0.0256884
0.0423881
0.0383092
0.0142915
0.0150772
0.00976268
0.0110688
0.00830092
0.00634064
0.00336591
0.00447332
0.00563753
0.00280736
0.00173408
0.00460944
0.00342681
0.00124606
0.00135029
0.00114752
0.00115556
0.00289429
0.00190856
0.00150472
0.00122247
0.00047275
0.00103648
0.00130556
0.000915232
0.000521598
0.000454694
0.000833824
0.000610273
0.000718767
0.00061183
0.00107883
0.000949339
0.000587799
0.00101826
0.00115303
0.000934384
0.000425438
0.000405563
0.000469322
0.00160676
0.000836532
0.000711161
0.000335728
0.00126263
0.00066888
0.000336757
0.000730643
0.000596204
0.000477918
0.00057395
0.000505848
0.000464775
0.000418138
0.000298296
0.00020124
0.000460258
0.000505627
0.000363194
0.000296868
0.000346882
0.000198198
0.000419166
0.000263478
0.000613183
0.000263444
0.000385248
0.000256425
0.000326484
0.000208841
0.000219485
0.000188333
0.000461179
0.000151736
0.000221376
0.000304788
0.000181509
0.000206324
0.000255502
0.000199474
0.00025542
